4.0362 -2.9544 1.0000
2.4469 4.5702 2.0000
-3.2871 3.7923 0.0000
0.4944 8.4484 0.0000
-3.2621 1.9905 0.0000
-2.5715 4.0991 0.0000
-2.5859 2.2773 0.0000
-1.3949 4.0541 0.0000
3.0342 2.2364 2.0000
1.6570 -3.7091 1.0000
-2.7065 2.5275 0.0000
3.4069 -2.9519 1.0000
-3.9312 2.9186 0.0000
-4.1776 2.4053 0.0000
4.7861 -2.3880 1.0000
-2.5969 1.8728 0.0000
-4.7588 0.8687 0.0000
-3.9513 0.7485 0.0000
2.8210 -2.3504 1.0000
3.5825 -2.7531 1.0000
2.2627 4.6867 2.0000
-4.0057 1.4345 0.0000
3.4159 -2.3460 1.0000
-2.5838 3.2282 0.0000
3.0086 -2.7975 1.0000
-4.1599 3.2249 0.0000
1.9598 7.6822 2.0000
1.6795 -3.5713 1.0000
-1.7364 5.6336 0.0000
2.6490 -2.7241 1.0000
-0.2656 4.7260 0.0000
-0.9464 2.1575 0.0000
3.3826 1.9319 2.0000
3.7767 -2.8770 1.0000
-1.2617 5.0149 0.0000
-5.7057 3.4449 0.0000
3.1340 -2.6770 1.0000
4.9630 -0.8079 2.0000
4.5226 -2.3781 1.0000
-4.2439 4.6215 0.0000
-0.2702 3.7292 0.0000
-6.6285 3.1763 0.0000
1.5036 6.8672 2.0000
-3.7522 6.7190 0.0000
-2.4798 2.3001 0.0000
4.0013 -2.2197 1.0000
1.2742 -3.2239 1.0000
0.2961 2.9412 0.0000
-2.3725 4.5871 0.0000
2.6433 -3.1384 1.0000
-0.0825 3.6211 0.0000
2.1930 5.3678 2.0000
2.0938 -3.3646 1.0000
2.1545 1.4949 2.0000
1.9262 -3.5048 1.0000
0.0101 6.7227 0.0000
-2.3047 2.6831 0.0000
-1.9935 4.8199 0.0000
2.0042 6.3736 2.0000
4.4189 2.7524 2.0000
5.0652 -1.9385 1.0000
3.2462 -3.0296 1.0000
3.5554 3.7160 2.0000
2.5122 1.6833 2.0000
0.3667 4.9271 0.0000
0.6577 -4.0050 1.0000
6.3944 -1.5523 1.0000
-4.5238 1.5072 0.0000
-1.0604 3.7425 0.0000
4.1719 -2.7148 1.0000
-6.3329 1.5767 0.0000
2.3935 -3.0944 1.0000
2.4607 -3.3270 1.0000
3.0441 -3.1738 1.0000
4.1396 2.5383 2.0000
3.1608 1.9215 2.0000
2.4970 1.7488 2.0000
2.3213 -3.4323 1.0000
2.7354 4.3332 2.0000
3.1905 2.4790 2.0000
2.8946 2.7811 2.0000
2.4356 5.4183 2.0000
2.8104 5.0655 2.0000
-7.2208 1.5320 0.0000
0.3416 -4.2190 1.0000
2.1116 -3.3790 1.0000
4.5107 -2.7101 1.0000
-1.0232 4.3340 0.0000
-3.0769 4.7942 0.0000
4.1425 3.2146 2.0000
-2.4742 3.9981 0.0000
1.4176 -3.5953 1.0000
-4.6424 1.5211 0.0000
3.1146 5.1942 2.0000
3.0524 3.0629 2.0000
-4.4951 1.0251 0.0000
-6.7025 -1.3937 0.0000
-5.3895 2.3061 0.0000
1.5044 -4.0546 1.0000
-2.3769 1.3790 0.0000
2.4698 -3.1363 1.0000
2.3806 -3.1442 1.0000
2.8610 4.7551 2.0000
5.6197 -1.9763 1.0000
2.2021 6.4888 2.0000
5.0118 0.0722 2.0000
1.9949 3.4915 2.0000
4.2129 -2.4478 1.0000
2.6844 1.0700 2.0000
3.2615 7.2671 2.0000
3.6915 -2.5176 1.0000
-5.9172 -0.0873 0.0000
0.8956 -3.8586 1.0000
2.4761 -2.9365 1.0000
-3.3405 1.5552 0.0000
1.1840 -3.4210 1.0000
1.5373 2.4110 2.0000
2.3788 5.6307 2.0000
2.8248 1.8232 2.0000
0.9949 -4.0408 1.0000
-2.4301 1.9644 0.0000
-2.6201 2.6400 0.0000
1.4370 -3.7731 1.0000
-3.5353 2.1690 0.0000
2.7888 -2.7013 1.0000
-2.3631 2.0816 0.0000
4.5481 -1.9616 1.0000
3.7701 -2.3956 1.0000
2.6892 -3.6098 1.0000
1.4472 6.1723 2.0000
1.9095 10.3964 2.0000
-3.2943 2.8121 0.0000
2.5834 6.5476 2.0000
4.0144 -2.6805 1.0000
2.7420 1.7066 2.0000
4.2223 -2.2801 1.0000
-2.8354 3.3238 0.0000
3.6804 2.0137 2.0000
2.3723 5.2296 2.0000
4.4023 -2.4066 1.0000
1.8089 -3.5390 1.0000
-4.7140 -0.3494 0.0000
0.1607 5.7350 0.0000
4.2774 2.5186 2.0000
2.4998 4.4256 2.0000
-3.8095 3.7763 0.0000
5.0247 -1.6182 1.0000
1.6162 -3.6514 1.0000
3.7379 1.5808 2.0000
-2.8133 4.2298 0.0000
2.4094 -3.1037 1.0000
2.9786 -3.2159 1.0000
1.3388 -3.5973 1.0000
2.8657 5.1918 2.0000
3.0647 1.0519 2.0000
-1.1693 5.2986 0.0000
2.5988 3.4042 2.0000
1.9906 -3.8257 1.0000
2.5087 -3.7741 1.0000
-0.7106 3.3709 0.0000
1.6553 3.5107 2.0000
0.4998 2.6337 0.0000
3.3438 1.1173 2.0000
-5.9022 2.9470 0.0000
-1.8993 5.3125 0.0000
4.1200 -2.5445 1.0000
3.0905 0.6325 2.0000
3.3551 -0.8066 2.0000
-4.7372 1.0970 0.0000
5.1138 -2.2474 1.0000
2.7919 0.0134 2.0000
-4.6395 3.0977 0.0000
1.7906 -3.3828 1.0000
4.9415 1.2021 2.0000
3.7921 6.1918 2.0000
-6.9977 2.6743 0.0000
3.3102 -0.2131 2.0000
-3.1168 0.2684 0.0000
0.6512 -4.2185 1.0000
-1.5274 1.9814 0.0000
1.3630 -3.9227 1.0000
4.1973 0.4926 2.0000
2.7473 -3.1524 1.0000
1.0213 -3.8416 1.0000
2.6734 1.3088 2.0000
3.2744 3.0477 2.0000
-2.8291 3.8957 0.0000
-5.0593 3.0895 0.0000
-5.4886 0.9066 0.0000
4.5833 0.8516 2.0000
2.3182 3.3923 2.0000
-3.0135 2.0048 0.0000
3.2837 -2.6586 1.0000
-3.2578 4.4619 0.0000
0.3790 -4.0486 1.0000
3.4448 -2.8880 1.0000
1.5173 5.6837 2.0000
4.4003 2.2891 2.0000
-0.1221 4.5768 0.0000
3.8342 -2.9784 1.0000
2.1190 3.7763 2.0000
3.3249 3.3043 2.0000
2.6164 6.8271 2.0000
4.2270 -0.8178 2.0000
2.7715 4.8814 2.0000
2.8012 3.1246 2.0000
-2.2678 2.1290 0.0000
-0.0311 -4.3006 1.0000
-2.4960 5.0976 0.0000
-3.5878 2.2743 0.0000
-1.8560 5.0551 0.0000
-5.9650 1.4462 0.0000
3.6208 1.2707 2.0000
3.8161 -2.5855 1.0000
2.7454 2.4957 2.0000
4.0464 -2.4587 1.0000
-2.5892 1.5457 0.0000
0.9277 5.2437 0.0000
2.5708 -2.6236 1.0000
2.5578 -3.1656 1.0000
3.8858 -2.6314 1.0000
3.8711 4.0376 2.0000
3.5298 2.4265 2.0000
2.4162 1.0913 2.0000
2.9570 5.5585 2.0000
-3.7037 3.1228 0.0000
2.9148 3.1955 2.0000
-3.4784 3.5396 0.0000
4.3688 -3.2781 2.0000
2.8715 0.3600 2.0000
1.0490 4.9910 2.0000
1.7169 -3.8812 1.0000
-2.9036 1.1284 0.0000
-3.8682 3.9985 0.0000
3.5820 -2.9887 1.0000
2.1646 -3.5451 1.0000
2.0111 -2.8580 1.0000
-0.9700 1.3661 0.0000
-2.6426 2.3022 0.0000
-0.1628 3.0238 0.0000
1.7456 0.8517 2.0000
3.1623 0.8413 2.0000
-5.2439 4.3760 0.0000
4.4621 1.1702 2.0000
3.9382 -0.0619 2.0000
3.2756 3.1117 2.0000
-2.9609 1.4881 0.0000
2.8383 4.8381 2.0000
3.6244 -2.9154 1.0000
-4.4393 1.0838 0.0000
4.8606 -2.5415 1.0000
5.3871 -1.5559 1.0000
3.0358 -2.8097 1.0000
3.7141 -2.5785 1.0000
0.7950 7.4421 2.0000
1.4080 -3.8774 1.0000
2.7876 -3.4100 1.0000
3.9970 -2.6054 1.0000
4.7766 -2.2008 1.0000
-5.4955 1.1441 0.0000
3.6287 5.9368 2.0000
-1.4673 5.3741 0.0000
1.0071 -3.9765 1.0000
3.3087 0.6261 2.0000
2.9181 0.6736 2.0000
4.7321 -2.3444 1.0000
2.1829 -2.9959 1.0000
3.4811 -1.4108 2.0000
-3.6699 0.2369 0.0000
2.0265 -3.5366 1.0000
2.4882 4.5451 2.0000
3.9522 1.0193 2.0000
2.3072 -3.3806 1.0000
-1.5501 4.1576 0.0000
-1.6060 2.8636 0.0000
2.2634 6.3635 2.0000
-3.0470 3.1224 0.0000
-2.8596 5.5101 0.0000
0.9218 7.2326 2.0000
1.3891 6.1691 0.0000
2.5591 7.0970 2.0000
2.8269 -3.1580 1.0000
3.2262 -3.0211 1.0000
-4.0375 4.1167 0.0000
-5.9853 1.5783 0.0000
2.5449 -3.7481 1.0000
3.4591 0.1292 2.0000
6.1258 -4.7482 2.0000
3.0052 3.8548 2.0000
2.0692 -3.4067 1.0000
3.7490 -2.4320 1.0000
4.0788 0.5058 2.0000
-4.7114 0.8213 0.0000
-3.9911 1.1761 0.0000
3.6511 0.7774 2.0000
3.0903 -3.1536 1.0000
2.9029 -2.5141 1.0000
-2.6254 1.9060 0.0000
5.6946 -1.8287 1.0000
3.3918 3.1607 2.0000
3.3565 5.0351 2.0000
3.7313 0.5357 2.0000
2.4461 4.6655 2.0000
0.2119 -4.1747 1.0000
3.8060 -2.3071 1.0000
2.7524 1.2018 2.0000
4.8024 -2.3386 1.0000
4.4331 -1.9425 1.0000
2.8059 2.9535 2.0000
4.9617 -2.0202 1.0000
3.1569 -2.8769 1.0000
-1.3212 -4.7011 1.0000
3.7903 -2.9051 1.0000
2.1665 0.9017 2.0000
3.6374 -2.4251 1.0000
-1.2198 6.3119 0.0000
1.1906 3.7282 2.0000
5.2523 -1.9129 1.0000
-6.2604 -0.4339 0.0000
2.5991 -0.1292 2.0000
-3.0356 3.3353 0.0000
2.8372 -2.9002 1.0000
1.5592 6.6604 2.0000
-0.9528 4.4506 0.0000
-0.3867 3.3052 0.0000
6.6509 -1.2024 1.0000
-1.0658 3.0970 0.0000
-0.7187 3.2724 0.0000
-2.8162 1.8030 0.0000
-3.7013 1.6532 0.0000
2.6725 5.8596 2.0000
1.2488 3.6108 2.0000
4.7549 -2.2043 1.0000
2.6924 5.1446 2.0000
2.3079 4.8520 2.0000
0.6732 4.4774 0.0000
3.8535 -2.9434 1.0000
3.9956 1.9379 2.0000
3.1166 3.5620 2.0000
-0.9091 4.4643 0.0000
2.8467 3.0883 2.0000
1.3557 -3.9282 1.0000
3.8059 -2.6437 1.0000
4.2747 -2.3447 1.0000
-3.0228 2.8444 0.0000
-1.7773 2.8590 0.0000
4.3079 -2.3331 1.0000
2.3245 3.9635 2.0000
2.9051 6.3989 2.0000
3.2080 -2.0362 2.0000
2.0526 7.0658 2.0000
3.4801 -3.2253 1.0000
3.5825 -2.8082 1.0000
-3.3501 3.3668 0.0000
-7.8975 -0.0426 0.0000
1.1359 -4.3495 1.0000
-2.3764 4.3177 0.0000
3.6878 -3.1743 1.0000
-2.0777 4.6605 0.0000
-0.6343 0.2636 0.0000
2.8756 3.1992 2.0000
1.4861 -3.6354 1.0000
-4.6997 1.2057 0.0000
3.3610 3.7783 2.0000
2.0091 4.6540 2.0000
2.6809 -3.5312 1.0000
-5.7220 1.3208 0.0000
2.3527 -3.1927 1.0000
3.7435 3.7975 2.0000
-1.6296 6.3187 0.0000
1.8405 -3.2455 1.0000
3.0510 4.0281 2.0000
3.6795 2.7765 2.0000
5.6914 -1.6505 1.0000
-7.7256 0.8834 0.0000
1.4014 5.1481 2.0000
-2.4564 2.9058 0.0000
-5.5714 5.9307 0.0000
-6.8595 0.2085 0.0000
0.6635 -4.3334 1.0000
-0.1263 -4.4946 1.0000
-3.3447 0.3432 0.0000
4.9549 -2.3132 1.0000
-5.2678 0.7659 0.0000
2.2886 4.4729 2.0000
0.0657 5.7922 0.0000
3.7585 -2.6833 1.0000
4.5158 1.7042 2.0000
2.0660 3.2148 2.0000
3.3129 1.8259 2.0000
-1.1060 3.0997 0.0000
2.9633 1.8228 2.0000
3.4531 -0.8292 2.0000
0.3083 -4.0700 1.0000
3.0018 4.5018 2.0000
3.3747 2.6771 2.0000
4.8537 -2.4393 1.0000
2.3130 5.8681 2.0000
2.3439 5.1811 2.0000
-1.1887 3.7877 0.0000
-1.2794 3.9072 0.0000
3.1286 -3.4077 1.0000
-0.8353 4.4169 0.0000
2.5824 -0.2056 2.0000
1.0514 5.3226 2.0000
1.9270 -3.7264 1.0000
1.8986 4.8447 2.0000
2.9126 3.9834 2.0000
0.9236 -4.0906 1.0000
2.9418 4.9081 2.0000
3.5348 0.1401 2.0000
-3.4683 1.0482 0.0000
-4.6158 2.0696 0.0000
3.8425 -2.9464 1.0000
3.9397 -2.8040 1.0000
2.4114 -3.3609 1.0000
2.7588 4.3352 2.0000
3.4770 -0.2144 2.0000
3.2765 -2.8343 1.0000
3.4150 -2.9501 1.0000
5.3780 -2.1144 1.0000
7.4228 -1.2236 1.0000
-4.0408 4.4656 0.0000
-6.0074 1.4572 0.0000
2.9566 -3.2848 1.0000
1.7588 -3.1912 1.0000
3.5696 -3.1414 1.0000
-1.1145 -4.7083 1.0000
-2.2801 3.3545 0.0000
1.5914 4.5561 2.0000
2.9159 -3.3316 1.0000
-0.8203 1.7951 0.0000
1.7010 0.5516 2.0000
2.1790 -3.5238 1.0000
-6.6606 3.2303 0.0000
1.8351 1.4167 2.0000
4.9027 -2.1287 1.0000
-6.9210 1.1032 0.0000
2.0838 -3.7654 1.0000
-2.2435 3.3908 0.0000
2.3952 7.9922 2.0000
0.3321 -4.3119 1.0000
3.3464 -2.7629 1.0000
3.1439 3.0797 2.0000
-5.0946 3.1685 0.0000
3.3173 3.2023 2.0000
-1.2715 1.8039 0.0000
4.9240 -2.0920 1.0000
0.9863 -4.1803 1.0000
2.6265 4.2896 2.0000
3.3248 -0.7377 2.0000
3.0546 -3.1668 1.0000
2.9465 -3.4427 1.0000
-3.6410 1.7273 0.0000
2.3522 -3.2279 1.0000
1.9541 1.1664 2.0000
4.0770 4.0668 2.0000
2.5359 3.3830 2.0000
2.5203 5.1632 2.0000
-2.7589 2.6976 0.0000
2.2356 5.4672 2.0000
3.2336 3.1300 2.0000
-4.3852 3.0712 0.0000
-3.0436 7.1135 0.0000
2.5511 6.0907 2.0000
2.4611 -3.3129 1.0000
-0.1154 7.1292 0.0000
-3.9263 3.9091 0.0000
0.3410 3.0848 0.0000
2.9430 2.2566 2.0000
3.7700 -2.8666 1.0000
-7.5375 4.1748 0.0000
-2.1968 0.7521 0.0000
2.3808 -3.4068 1.0000
3.5055 1.1596 2.0000
3.6455 1.4126 2.0000
1.9216 -3.4634 1.0000
-6.6023 -0.6918 0.0000
4.1674 3.9329 2.0000
-5.2451 2.4410 0.0000
-4.0176 0.9982 0.0000
-3.3799 3.9338 0.0000
-3.9931 1.4650 0.0000
0.9847 4.7236 0.0000
2.1316 5.7572 2.0000
-4.2549 3.0366 0.0000
3.4740 0.9513 2.0000
3.5507 -2.4947 1.0000
-3.3015 3.1250 0.0000
-2.9818 3.6766 0.0000
3.2707 4.0712 2.0000
4.3944 -2.1141 1.0000
-2.3775 2.8070 0.0000
2.6403 5.8298 2.0000
2.6837 -3.1898 1.0000
2.4561 -3.1047 1.0000
0.9774 -3.7730 1.0000
1.8133 -3.5933 1.0000
4.8853 0.0744 2.0000
4.0312 -2.5715 1.0000
4.7863 -2.5457 1.0000
-6.0324 0.4374 0.0000
2.7430 -3.0236 1.0000
-3.0369 2.6558 0.0000
-1.3240 2.7432 0.0000
0.8766 -4.2657 1.0000
-1.3161 -4.8906 1.0000
3.6640 -3.0130 1.0000
4.8744 -2.1503 1.0000
-2.0071 6.6049 0.0000
2.8673 0.3544 2.0000
4.7631 -2.1758 1.0000
-3.3081 3.2494 0.0000
4.3143 -2.2263 1.0000
2.3380 5.7397 2.0000
3.8935 -2.3341 1.0000
2.1551 -3.1498 1.0000
-1.4724 5.0270 0.0000
-2.5436 5.1958 0.0000
4.5592 -2.5781 1.0000
-1.5278 4.6845 0.0000
2.9347 -3.1162 1.0000
3.8681 -2.6192 1.0000
2.4505 -3.3607 1.0000
1.4023 5.7903 2.0000
2.6491 -3.3020 1.0000
4.0707 -0.0023 2.0000
2.8137 4.8279 2.0000
-4.1314 3.8076 0.0000
3.6246 4.3896 2.0000
2.8221 -3.1979 1.0000
2.9209 -2.6324 1.0000
1.2328 -3.7028 1.0000
-4.9143 3.0662 0.0000
-2.7784 2.3487 0.0000
-3.0116 3.9714 0.0000
-4.9676 4.9830 0.0000
3.1739 -3.1024 1.0000
-3.3149 2.4835 0.0000
-5.9111 0.1219 0.0000
2.2200 4.3815 2.0000
2.1812 2.3088 2.0000
-1.1266 2.7718 0.0000
3.8770 -2.7796 1.0000
3.3359 -2.7373 1.0000
2.6891 -3.0995 1.0000
2.0502 2.5375 2.0000
-1.3882 3.8885 0.0000
-4.6401 2.3146 0.0000
1.9122 3.3332 2.0000
3.2321 -3.5302 1.0000
1.9607 -3.2780 1.0000
0.7425 -4.1041 1.0000
0.6535 -3.5351 1.0000
2.3179 -3.5722 1.0000
4.3524 1.6199 2.0000
1.8060 -3.1678 1.0000
-4.2297 3.2412 0.0000
3.9496 2.2662 2.0000
-1.6254 6.6429 0.0000
2.4029 3.5141 2.0000
-2.2298 4.4224 0.0000
-5.0120 3.8869 0.0000
3.6915 4.5198 2.0000
-2.1002 5.9736 0.0000
3.1858 5.9325 2.0000
4.3541 -2.9391 1.0000
-3.2221 2.2394 0.0000
3.4481 4.5254 2.0000
3.2426 4.1154 2.0000
5.0895 -2.0285 1.0000
-2.7019 1.1580 0.0000
3.9342 -1.6203 2.0000
0.6843 -3.9474 1.0000
4.8993 -1.8052 1.0000
1.7562 5.8272 2.0000
3.7158 5.3949 2.0000
-3.0940 1.7487 0.0000
3.3125 -2.4632 1.0000
3.2251 -2.4528 1.0000
-4.8305 1.7853 0.0000
0.9079 -3.8775 1.0000
3.0335 -3.2013 1.0000
1.9646 3.6013 2.0000
3.0682 2.5756 2.0000
2.9228 4.5531 2.0000
-3.0680 4.2302 0.0000
3.0130 -2.5832 1.0000
0.6681 -4.2020 1.0000
3.2061 2.4499 2.0000
-4.1393 5.9606 0.0000
-5.2878 2.6449 0.0000
0.9014 -3.6775 1.0000
2.9932 -3.1441 1.0000
2.9683 -1.2579 2.0000
4.0507 -2.6677 1.0000
3.7932 3.5452 2.0000
0.6971 -4.2378 1.0000
2.9642 -0.8099 2.0000
1.9190 -3.3089 1.0000
2.7729 -3.0027 1.0000
2.8618 -3.0605 1.0000
3.3066 -0.5355 2.0000
1.8648 -3.7372 1.0000
-2.8005 1.7643 0.0000
6.9178 -1.3645 1.0000
2.3722 7.0592 2.0000
1.9008 3.8240 2.0000
4.0407 0.3654 2.0000
2.6988 -3.2393 1.0000
2.0957 5.2635 2.0000
2.8897 3.7948 2.0000
3.5692 2.5447 2.0000
2.9349 -3.5328 1.0000
-3.4149 4.0796 0.0000
4.2258 -2.7166 1.0000
2.2863 2.3805 2.0000
1.3685 3.3821 2.0000
1.8324 2.3862 2.0000
4.2615 -2.8027 1.0000
2.5552 -3.1963 1.0000
-6.9639 -0.7445 0.0000
-4.7360 1.7255 0.0000
3.1458 -2.6570 1.0000
-2.9949 4.1661 0.0000
2.4485 2.2769 2.0000
2.9715 2.2440 2.0000
0.3445 -3.7045 1.0000
3.3420 -2.6091 1.0000
5.7762 -1.9183 1.0000
2.7223 4.6019 2.0000
3.3242 3.5293 2.0000
3.2695 4.9005 2.0000
1.5656 -3.4812 1.0000
2.3885 -3.1885 1.0000
-3.1253 2.8514 0.0000
3.1455 -3.1416 1.0000
3.7313 -2.5497 1.0000
-2.9641 0.9712 0.0000
3.2881 0.2919 2.0000
-3.9685 1.9037 0.0000
-1.4891 4.2002 0.0000
2.3006 -3.4893 1.0000
2.2532 3.0577 2.0000
-2.3924 3.5113 0.0000
-5.4846 0.9318 0.0000
4.1189 2.4036 2.0000
1.7429 -3.5774 1.0000
3.2027 1.2234 2.0000
1.7269 -3.4797 1.0000
3.4997 5.5394 2.0000
4.4174 -2.4354 1.0000
-2.7934 5.5755 0.0000
-4.5896 6.9828 0.0000
2.7589 4.6522 2.0000
1.9759 3.8167 2.0000
3.4151 0.7950 2.0000
4.5965 -2.2999 1.0000
2.6960 4.3976 2.0000
2.5625 -2.9505 1.0000
3.8479 -2.4379 1.0000
3.7433 -2.6428 1.0000
-3.7662 2.7550 0.0000
-5.3349 1.3812 0.0000
-2.8466 4.3181 0.0000
3.2495 2.4156 2.0000
-1.9350 7.6674 0.0000
3.4524 6.0676 2.0000
-0.0726 4.5314 0.0000
-4.4911 2.3409 0.0000
1.0578 4.9649 2.0000
-5.0588 2.9579 0.0000
-7.3466 1.6499 0.0000
-3.0456 2.6605 0.0000
-2.2849 2.1606 0.0000
-2.7132 4.7468 0.0000
1.9789 2.4761 2.0000
-3.3997 4.7909 0.0000
-5.2264 2.4498 0.0000
3.6141 2.6010 2.0000
3.6252 -2.7630 1.0000
2.6503 4.3422 2.0000
5.8124 -1.4922 1.0000
4.9324 -2.1521 1.0000
-0.5873 -4.6487 1.0000
3.4148 2.1809 2.0000
2.1141 4.0220 2.0000
2.6540 4.3610 2.0000
-1.8416 4.2987 0.0000
-3.1093 0.6195 0.0000
2.5400 -3.0127 1.0000
-5.6394 2.8020 0.0000
2.8067 3.0259 2.0000
3.8068 5.0926 2.0000
2.9557 -3.1997 1.0000
3.1713 0.4983 2.0000
-2.6802 2.9538 0.0000
1.0920 -4.0716 1.0000
2.6067 2.7095 2.0000
1.9603 4.4989 2.0000
2.8956 -3.1178 1.0000
1.6042 -3.2687 1.0000
2.7339 3.0064 2.0000
-0.6408 5.8285 0.0000
2.4824 -2.8578 1.0000
-6.1744 2.4482 0.0000
4.1002 1.2007 2.0000
0.8604 5.6620 2.0000
3.1875 5.4703 2.0000
-2.9990 5.2504 0.0000
-5.3176 1.3673 0.0000
-3.4685 5.1539 0.0000
0.9469 -3.7632 1.0000
-5.3955 1.9185 0.0000
2.3733 2.7523 2.0000
2.5948 -3.4338 1.0000
4.8844 -1.8498 1.0000
-5.3409 1.1329 0.0000
2.6072 -3.9045 1.0000
-2.7719 3.2779 0.0000
3.9526 5.6853 2.0000
2.2245 4.8467 2.0000
3.5061 3.4080 2.0000
2.4488 5.9055 0.0000
3.0253 -0.3172 2.0000
4.4943 1.9277 2.0000
3.1061 1.3700 2.0000
2.4829 -2.7313 1.0000
1.8589 4.9746 2.0000
-2.7239 2.2614 0.0000
-0.1579 5.1001 0.0000
2.7912 0.9010 2.0000
3.6499 -0.1050 2.0000
1.7976 -3.3739 1.0000
-1.8169 5.2087 0.0000
4.1421 0.1875 2.0000
-0.9243 4.2904 0.0000
0.2266 4.6316 0.0000
0.8054 5.4557 2.0000
-3.8603 -0.2701 0.0000
-2.7210 3.2281 0.0000
4.1612 -2.8610 1.0000
5.8988 -1.8185 1.0000
4.3206 2.9172 2.0000
4.2447 1.3508 2.0000
-2.7420 3.7037 0.0000
-2.8063 6.1130 0.0000
3.9705 0.5704 2.0000
-1.0739 5.5959 0.0000
1.7443 -3.3712 1.0000
2.7051 5.3014 2.0000
3.8640 3.1343 2.0000
-1.4754 4.3736 0.0000
3.2320 1.8516 2.0000
3.6189 -1.2686 2.0000
-1.0585 0.9622 0.0000
-3.1708 5.9371 0.0000
2.0103 -3.8142 1.0000
1.5450 -3.7495 1.0000
3.5990 5.9768 2.0000
-4.6070 -0.1368 0.0000
-0.1338 -4.3682 1.0000
-3.7684 4.8127 0.0000
4.1712 -2.2645 1.0000
-2.2076 4.1302 0.0000
1.6693 4.4402 2.0000
-3.0356 3.3098 0.0000
-4.2680 3.9104 0.0000
-2.7006 2.3982 0.0000
-3.7397 2.5888 0.0000
-2.3484 4.4521 0.0000
-0.7162 5.5039 0.0000
2.7514 3.5883 2.0000
0.9911 -4.2908 1.0000
3.0625 3.5601 2.0000
4.2395 4.8172 2.0000
2.7792 -3.1695 1.0000
2.1082 5.7868 2.0000
-6.0784 1.2278 0.0000
-5.4325 1.9326 0.0000
3.0402 2.3528 2.0000
2.7282 2.2993 2.0000
-4.4885 2.6072 0.0000
2.9565 -3.1639 1.0000
-4.1719 0.9030 0.0000
0.7128 -3.9921 1.0000
3.2532 4.4782 2.0000
-2.9412 3.1504 0.0000
2.3172 7.4447 2.0000
-4.4381 -1.0286 0.0000
1.7761 4.0263 2.0000
-5.6244 2.1533 0.0000
-3.5926 5.2152 0.0000
6.3013 -1.4839 1.0000
3.5180 5.5833 2.0000
-2.4190 2.1309 0.0000
3.7353 1.5071 2.0000
4.3967 -2.9634 1.0000
3.5683 -2.4985 1.0000
1.6198 -4.0803 1.0000
1.1069 6.2773 2.0000
0.2133 -4.3383 1.0000
-4.5551 2.0615 0.0000
2.4404 -3.1954 1.0000
2.6060 -3.3534 1.0000
1.6165 -3.5477 1.0000
1.6321 -3.5271 1.0000
-1.7254 4.1480 0.0000
2.7776 3.8709 2.0000
-0.1499 4.1483 0.0000
-4.7366 2.4433 0.0000
3.4702 -2.7616 1.0000
4.0791 -2.2409 1.0000
-1.3761 -4.9779 1.0000
2.1866 7.5866 2.0000
1.9814 6.3238 2.0000
-4.1230 2.6386 0.0000
-2.7972 0.2059 0.0000
3.3032 0.6948 2.0000
3.8893 -2.7857 1.0000
-5.7287 1.7883 0.0000
2.4436 -3.2843 1.0000
3.2127 0.8914 2.0000
-4.5353 1.7346 0.0000
1.8337 1.8300 2.0000
-1.8738 4.7522 0.0000
-2.2143 3.9134 0.0000
-5.5192 0.6966 0.0000
5.2470 -2.1769 1.0000
2.9103 -2.6483 1.0000
2.8212 -3.2617 1.0000
4.6047 -2.1282 1.0000
2.1194 -3.6639 1.0000
0.6691 -3.8957 1.0000
-1.9512 3.3135 0.0000
3.5642 4.4547 2.0000
-3.7691 4.1916 0.0000
2.7908 -3.5247 1.0000
-2.3444 4.9384 0.0000
-3.1199 0.7827 0.0000
3.2373 3.7297 2.0000
1.6673 -3.5999 1.0000
-1.0136 2.9897 0.0000
-0.9448 4.4629 0.0000
-2.6099 1.4290 0.0000
1.3994 -3.9056 1.0000
1.9272 7.5473 2.0000
-5.9410 2.2688 0.0000
2.2372 4.6448 2.0000
-2.7030 2.6401 0.0000
-6.2452 3.6719 0.0000
3.1405 -0.7168 2.0000
5.2730 -1.5615 1.0000
2.6647 -2.8236 1.0000
2.0577 -3.1348 1.0000
4.1551 -2.5800 1.0000
2.9380 4.8858 2.0000
2.5612 1.8652 2.0000
3.4969 -3.1786 1.0000
1.6712 -3.7669 1.0000
-3.0349 2.5872 0.0000
2.6467 8.3275 2.0000
-4.2090 2.8371 0.0000
-1.7008 6.3331 0.0000
-1.7699 5.1357 0.0000
-0.1884 -4.7775 1.0000
2.8009 -2.9953 1.0000
3.7451 -2.4699 1.0000
3.0170 -3.1431 1.0000
3.9703 -2.0434 1.0000
3.4173 1.2754 2.0000
4.3871 -1.1269 2.0000
2.1909 7.1056 2.0000
3.9509 -2.7897 1.0000
3.8131 4.4637 2.0000
3.6702 -1.5912 2.0000
2.0830 6.3071 2.0000
-5.1819 1.2954 0.0000
2.9754 0.8121 2.0000
2.1505 4.1212 2.0000
5.2621 -2.0421 1.0000
-0.0517 5.8858 0.0000
1.8038 -3.2285 1.0000
2.4018 3.2528 2.0000
2.2899 3.0391 2.0000
2.5955 2.7451 2.0000
-3.1828 5.0229 0.0000
2.8550 -2.9392 1.0000
4.9533 -1.8079 1.0000
3.1120 5.0631 2.0000
1.8268 4.3354 2.0000
-3.3652 4.6412 0.0000
-1.6576 3.2686 0.0000
2.5847 -3.6024 1.0000
2.4872 3.1192 2.0000
-5.7601 3.0326 0.0000
-3.6981 2.6082 0.0000
3.4932 2.8015 2.0000
-1.8878 2.1034 0.0000
-3.5743 3.7201 0.0000
-4.0030 3.4653 0.0000
3.8208 1.6603 2.0000
2.0678 5.0912 2.0000
3.1422 -2.8420 1.0000
-2.3637 1.9795 0.0000
5.9644 -1.9214 1.0000
-2.4688 1.9044 0.0000
2.1342 2.4496 2.0000
-2.8128 1.8191 0.0000
2.6462 3.1506 2.0000
3.2495 -2.8901 1.0000
-4.4764 1.4469 0.0000
-5.5314 3.2872 0.0000
2.3940 4.4487 2.0000
1.8321 1.5310 2.0000
-2.2608 3.7898 0.0000
6.0711 -1.7886 1.0000
0.0416 -4.6267 1.0000
2.7402 2.6065 2.0000
0.6730 -4.1917 1.0000
3.8379 3.4632 2.0000
3.1217 2.1835 2.0000
3.8644 -2.8616 1.0000
-2.9957 0.2643 0.0000
1.0849 4.9561 2.0000
3.7142 4.8522 2.0000
-5.4950 -1.4177 0.0000
4.0853 0.8348 2.0000
3.1858 -2.7158 1.0000
3.9958 -2.3466 1.0000
-5.5122 1.3162 0.0000
3.2163 -2.9961 1.0000
4.5436 -2.4181 1.0000
3.3920 -0.6600 2.0000
-2.7941 5.2843 0.0000
-6.6711 0.5998 0.0000
-4.4966 3.3766 0.0000
4.1537 5.5736 2.0000
1.5703 6.8805 2.0000
2.3659 1.6159 2.0000
2.2847 4.6172 2.0000
2.9124 2.7172 2.0000
3.0050 7.3838 2.0000
1.0749 -3.5276 1.0000
-3.7970 3.0026 0.0000
-5.7853 2.5255 0.0000
1.7459 -3.8137 1.0000
2.7283 -3.1594 1.0000
4.5401 -2.9238 1.0000
-4.0955 0.6459 0.0000
3.9685 -2.5260 1.0000
0.9610 -3.6795 1.0000
-5.3490 2.1381 0.0000
-0.3451 -4.7312 1.0000
2.7332 -2.6429 1.0000
-2.6003 5.0978 0.0000
4.2771 -2.2866 1.0000
3.4756 -2.7429 1.0000
-5.4827 4.3434 0.0000
-0.2914 4.6396 0.0000
3.7895 -2.6603 1.0000
-1.1727 2.9558 0.0000
2.1570 3.6238 2.0000
-2.7556 2.0091 0.0000
-2.3745 2.5002 0.0000
3.5552 -3.1351 1.0000
0.6198 -4.1373 1.0000
2.8653 3.6120 2.0000
-6.3254 -0.9389 0.0000
-0.8511 4.7305 0.0000
3.2612 4.4936 2.0000
-5.4209 1.9114 0.0000
-1.6124 3.8060 0.0000
-2.1488 4.2949 0.0000
-1.2069 6.7770 0.0000
3.2396 -3.2824 1.0000
-3.6156 3.2267 0.0000
0.7843 6.8941 2.0000
1.9124 7.4111 2.0000
2.6666 3.5634 2.0000
4.4094 -2.2289 1.0000
4.0713 -2.5909 1.0000
-2.7371 2.6032 0.0000
2.6397 4.1135 2.0000
1.8164 3.4404 2.0000
3.1576 1.6777 2.0000
4.6840 2.8502 2.0000
2.4066 3.9254 2.0000
-4.6886 2.9527 0.0000
0.7661 -4.6075 1.0000
-2.6193 3.7516 0.0000
2.6844 0.9408 2.0000
-2.6968 2.2045 0.0000
3.6484 -2.6288 1.0000
3.2138 -0.0105 2.0000
-2.0678 6.6111 0.0000
3.3218 5.4655 2.0000
2.2667 5.4683 2.0000
3.0599 0.3356 2.0000
-3.1753 3.2977 0.0000
